name: untitled
map_size: 8192
global_light:
  direction: [0.291537166, -0.676389754, -0.676389635]
  color: [1, 0.949999988, 0.800000012]
  intensity: 1.14788258
  ambient_color: [0.207964599, 0.207964599, 0.207964599]
  cast_shadow: true
  shadow_resolution: 2048
  shadow_bias: 0.00499999989
environment:
  sky_enabled: true
  water_enabled: true
  water_level: 16.2999992
  roughness: 0.215000004
  sun_intensity: 20.7000008
  refraction_strength: 0.061999999
  absorption_scale: 0.379999995
  foam_height_thresh: 1.25999999
  foam_shoreline_depth: 10
  foam_steepness_thresh: 0.5
  foam_speed: 0.300000012
  foam_scale1: 0.230000004
  foam_scale2: 0.169
  foam_scroll_speed1: 0.00800000038
  normal_scale1: 0.0170000009
  normal_scale2: 0.0109999999
  normal_scroll_speed1: 0.0199999996
  normal_scroll_speed2: 0.00999999978
  normal_dir1: [-0.0523359403, 0.99862951]
  normal_dir2: [-0.438370973, -0.898794115]
  cloud_enabled: true
  cloud_density: 0.310000002
  wind_enabled: true
  wind_direction: [0.484809577, 0, 0.874619722]
  wind_strength: 1.20000005
  start_time_of_day: 13.1300001
  time_scale: 60
  turbidity: 3.4000001
  moon_texture: moon.dds
  night_sky_texture: sky.dds
  normal_map_texture1: water/normal01.dds
  normal_map_texture2: water/normal02.dds
objects:
  - name: Object
    type: player_start
    transform: [1, 0, 0, 590.843506, 0, 1, 0, 30.2803879, 0, 0, 1, 1122.58691, 0, 0, 0, 1]
  - name: Object
    type: mesh
    transform: [0.998218954, -0.05961724, -0.00216432032, 610.325439, 0.059656512, 0.997561812, 0.0362150855, 30.5891151, -0, -0.036279697, 0.999341786, 1112.75317, 0, 0, 0, 1]
    mesh: meshes/destroyed_car01.emesh
    material: materials/slot_0.yaml
    physics:
      shape: convex_hull
      motion_type: static
  - name: Object
    type: mesh
    transform: [1.57920003, 0, 0, 613.207703, 0, 1.57920003, 0, 31.2293015, 0, 0, 1.57920003, 1125.29102, 0, 0, 0, 1]
    mesh: meshes/destroyed_vehicle01.emesh
    material: materials/destroyed_vehicle_base.yaml
    physics:
      shape: convex_hull
      motion_type: static
  - name: Object
    type: mesh
    transform: [1.26381564, -0.105658017, -0.942340732, 604.339539, 0.127377018, 1.57484651, -0.00574537087, 31.5227966, 0.939651489, -0.0713743493, 1.26821136, 1145.50195, 0, 0, 0, 1]
    mesh: meshes/abandoned_shelter.emesh
    material: materials/abandoned_shelter_01.yaml
    physics:
      shape: exact
      motion_type: static
  - name: Object
    type: mesh
    transform: [0.745115459, -0.0920509845, -1.41246223, 600.669189, 0.0938560441, 1.59591365, -0.0544948392, 29.6296577, 1.41234362, -0.0574913397, 0.748799384, 1101.60767, 0, 0, 0, 1]
    mesh: meshes/abandoned_car_02.emesh
    material: materials/abandoned_car_02.yaml
    physics:
      shape: convex_hull
      motion_type: static
  - name: Object
    type: mesh
    transform: [5.14900017, 0, 0, 405.37207, 0, 5.14900017, 0, 15.9549923, 0, 0, 5.14900017, 1004.31689, 0, 0, 0, 1]
    mesh: meshes/slum house.emesh
    material: materials/dock_01.yaml
    physics:
      shape: exact
      motion_type: static
  - name: entry_light_01
    type: light
    light_type: omni
    transform: [1, 0, 0, 388.895508, 0, 1, 0, 26.705513, 0, 0, 1, 1005.40662, 0, 0, 0, 1]
    color: [0.840707958, 0.631798327, 0.219476879]
    intensity: 1
    cast_shadow: false
    shadow_resolution: 1024
    shadow_bias: 0.00499999989
    radius: 6
  - name: entry_light_02
    type: light
    light_type: omni
    transform: [1, 0, 0, 392.106903, 0, 1, 0, 26.5745945, 0, 0, 1, 996.624207, 0, 0, 0, 1]
    color: [0.840707958, 0.631798327, 0.219476879]
    intensity: 1
    cast_shadow: false
    shadow_resolution: 1024
    shadow_bias: 0.00499999989
    radius: 6
  - name: Object
    type: mesh
    transform: [1.97529125, -0.140017211, -0.911604941, 603.385193, 0.158348635, 2.17422175, 0.00916612614, 30.5396748, 0.908600211, -0.0745215714, 1.98022616, 1123.3324, 0, 0, 0, 1]
    mesh: meshes/concrete_road_barrier.emesh
    material: materials/concrete_road_barrier.yaml
    physics:
      shape: convex_hull
      motion_type: static
  - name: Object
    type: mesh
    transform: [3.76171565, -0.2496133, -0.00959869009, 597.406128, 0.249797821, 3.75893688, 0.144547075, 30.3843746, -0, -0.144865423, 3.76721549, 1129.47021, 0, 0, 0, 1]
    mesh: meshes/campfire01.emesh
    material: materials/campfire01.yaml
    physics:
      shape: cylinder
      radius: 0.489960611
      half_height: 1
      center_offset: [-0.000756323338, 0.2674734, 0.0013641715]
      motion_type: static
  - name: barrel01_01 (copy) (copy)
    type: mesh
    transform: [1.72642195, -0.110846445, -0.00894596893, 602.52063, 0.11111521, 1.72505748, 0.0687706023, 30.7911453, 0.00451406604, -0.0692029372, 1.72860956, 1132.21741, 0, 0, 0, 1]
    mesh: meshes/barrel01.emesh
    material: materials/barrel01.yaml
    physics:
      shape: cylinder
      radius: 0.296283662
      half_height: 0.427801967
      center_offset: [0, 0.427801967, -1.63912773e-07]
      motion_type: dynamic
      mass: 10
      collision_layer: 4
  - name: Object
    type: mesh
    transform: [1.6559118, -0.116332039, -0.00480638258, 607.150085, 0.116431288, 1.65450013, 0.0683574528, 32.3528824, -0, -0.0685262084, 1.65858507, 1160.25916, 0, 0, 0, 1]
    mesh: meshes/Leaf_Oak.emesh
    material: materials/oak001_branches.yaml
  - name: Object (copy) (copy)
    type: mesh
    transform: [1.4828794, -0.0877100006, 0.74092871, 602.666138, 0.0384163521, 1.6552788, 0.119063675, 32.2629585, -0.745112419, -0.0892128199, 1.48069203, 1163.86365, 0, 0, 0, 1]
    mesh: meshes/Leaf_Oak.emesh
    material: materials/oak001_branches.yaml
  - name: Object (copy) (copy)
    type: mesh
    transform: [1.65774632, -0.0863370076, -0.00482368236, 608.150085, 0.086471647, 1.65516508, 0.0924747214, 32.8180504, -0, -0.0926004425, 1.65741515, 1168.5824, 0, 0, 0, 1]
    mesh: meshes/Leaf_Oak.emesh
    material: materials/oak001_branches.yaml
  - name: Object (copy) (copy)
    type: mesh
    transform: [-0.196440831, -0.0849852487, -1.64614332, 602.814087, 0.085564144, 1.65503109, -0.0956548303, 32.5996742, 1.64611316, -0.096169509, -0.191472352, 1169.43469, 0, 0, 0, 1]
    mesh: meshes/Leaf_Oak.emesh
    material: materials/oak001_branches.yaml
  - name: Object (copy) (copy)
    type: mesh
    transform: [1.46305048, -0.111086003, -0.776365459, 597.031799, 0.126614794, 1.65516329, 0.00177537475, 31.4015331, 0.773984611, -0.0607812144, 1.4672606, 1152.98315, 0, 0, 0, 1]
    mesh: meshes/Leaf_Oak.emesh
    material: materials/oak001_branches.yaml
  - name: bonfire_001
    type: particle_system
    template: bonfire
    transform: [1, 0, 0, 597.407837, 0, 1, 0, 32.5606194, 0, 0, 1, 1129.4657, 0, 0, 0, 1]
  - name: barrel01_01 (copy) (copy)_001
    type: mesh
    transform: [1.72650385, -0.109835476, -0.0045195967, 603.52063, 0.109928422, 1.72504401, 0.0709834695, 32.5994644, 0, -0.0711272061, 1.72853732, 1136.76074, 0, 0, 0, 1]
    mesh: meshes/barrel01.emesh
    material: materials/barrel01.yaml
    physics:
      shape: cylinder
      radius: 0.296283662
      half_height: 0.427801967
      center_offset: [0, 0.427801967, -1.63912773e-07]
      motion_type: dynamic
      mass: 10
      collision_layer: 4
  - name: barrel01_01 (copy) (copy)_002
    type: mesh
    transform: [1.72700286, -0.101354256, -0.00937920529, 608.060303, 0.101687096, 1.72503436, 0.0825568363, 31.0911827, 0.00451558456, -0.0829650983, 1.72800386, 1130.91516, 0, 0, 0, 1]
    mesh: meshes/barrel01.emesh
    material: materials/barrel01.yaml
    physics:
      shape: cylinder
      radius: 0.296283662
      half_height: 0.427801967
      center_offset: [0, 0.427801967, -1.63912773e-07]
      motion_type: dynamic
      mass: 10
      collision_layer: 4
  - name: barrel01_01 (copy) (copy)_003
    type: mesh
    transform: [1.72651565, -0.109380886, -0.00890658423, 603.52063, 0.109650008, 1.72513926, 0.069073692, 30.8948078, 0.00451431051, -0.0694990754, 1.72859788, 1133.21741, 0, 0, 0, 1]
    mesh: meshes/barrel01.emesh
    material: materials/barrel01.yaml
    physics:
      shape: cylinder
      radius: 0.296283662
      half_height: 0.427801967
      center_offset: [0, 0.427801967, -1.63912773e-07]
      motion_type: dynamic
      mass: 10
      collision_layer: 4
  - name: barrel01_01 (copy) (copy)_004
    type: mesh
    transform: [1.7260102, -0.117092684, -0.0088176392, 612.13092, 0.11733748, 1.72485828, 0.0632123426, 31.4484882, 0.00451298943, -0.0636646152, 1.72882247, 1133.21741, 0, 0, 0, 1]
    mesh: meshes/barrel01.emesh
    material: materials/barrel01.yaml
    physics:
      shape: cylinder
      radius: 0.296283662
      half_height: 0.427801967
      center_offset: [0, 0.427801967, -1.63912773e-07]
      motion_type: dynamic
      mass: 10
      collision_layer: 4
  - name: barrel01_01 (copy) (copy)_005
    type: mesh
    transform: [1.72604513, -0.116575137, -0.00884627923, 599.904175, 0.116823159, 1.72486722, 0.0639161095, 30.6629429, 0.00451308023, -0.0643673465, 1.7287966, 1133.21741, 0, 0, 0, 1]
    mesh: meshes/barrel01.emesh
    material: materials/barrel01.yaml
    physics:
      shape: cylinder
      radius: 0.296283662
      half_height: 0.427801967
      center_offset: [0, 0.427801967, -1.63912773e-07]
      motion_type: dynamic
      mass: 10
      collision_layer: 4
  - name: fire01_001
    type: sound_emitter
    sound: fire01
    volume_scale: 0.5
    transform: [1, 0, 0, 599.774658, 0, 1, 0, 30.4873505, 0, 0, 1, 1128.37976, 0, 0, 0, 1]
  - name: crickets_001
    type: sound_emitter
    sound: crickets
    volume_scale: 1
    transform: [0.997822583, -0.0659060627, -0.00254671113, 597.987671, 0.065955244, 0.997078538, 0.0385286398, 32.0292053, 0, -0.0386127159, 0.999254346, 1149.01709, 0, 0, 0, 1]
  - name: crickets_002
    type: sound_emitter
    sound: crickets
    volume_scale: 1
    transform: [0.998248816, -0.0589298494, -0.0051545389, 591.562927, 0.0591001175, 0.997279346, 0.0440585949, 31.4302807, 0.00254414859, -0.044286076, 0.999015689, 1149.995, 0, 0, 0, 1]
  - name: crickets_003
    type: sound_emitter
    sound: crickets
    volume_scale: 1
    transform: [0.998368382, -0.0568553731, -0.00529707316, 583.167175, 0.0570448823, 0.997209609, 0.0481544435, 30.6433086, 0.00254445337, -0.0483780429, 0.998825848, 1143.53662, 0, 0, 0, 1]
  - name: crickets_004
    type: sound_emitter
    sound: crickets
    volume_scale: 1
    transform: [0.9979527, -0.063914001, -0.0023357477, 582.969727, 0.063956663, 0.997287035, 0.0364460163, 29.7097225, -0, -0.0365207903, 0.999332905, 1123.86389, 0, 0, 0, 1]
  - name: crickets_005
    type: sound_emitter
    sound: crickets
    volume_scale: 1
    transform: [0.997882068, -0.0650105178, -0.00222085975, 592.011108, 0.0650484413, 0.997300327, 0.034069322, 30.3376617, -0, -0.0341416262, 0.999417067, 1124.86511, 0, 0, 0, 1]
  - name: crickets_006
    type: sound_emitter
    sound: crickets
    volume_scale: 1
    transform: [0.998056769, -0.062161833, -0.00431156997, 592.980042, 0.062271703, 0.997496486, 0.0335083269, 29.9338722, 0.00221783691, -0.0337116979, 0.999429166, 1110.14331, 0, 0, 0, 1]
  - name: crickets_007
    type: sound_emitter
    sound: crickets
    volume_scale: 1
    transform: [0.997935891, -0.0639326423, -0.00605027936, 583.826477, 0.0640738308, 0.997577965, 0.0270675067, 29.3972931, 0.00430512801, -0.0273992959, 0.999615371, 1111.12964, 0, 0, 0, 1]
  - name: crickets_008
    type: sound_emitter
    sound: crickets
    volume_scale: 1
    transform: [0.99822408, -0.0589873455, -0.00831495412, 612.790344, 0.0592633188, 0.997511804, 0.0381845571, 31.29669, 0.00604185835, -0.0386095159, 0.999236166, 1114.66345, 0, 0, 0, 1]
terrain:
  heightmap: demo.r16
  heightmap_width: 4096
  heightmap_height: 4096
  meters_per_texel: 1
  min_height: 0
  max_height: 200
  material:
    layers:
      - albedo: terrain/sandy_gravel_02_diff_1k.dds
        normal: terrain/sandy_gravel_02_nor_gl_1k.dds
        tiling: 256
      - albedo: terrain/rocky_trail_diff_1k.dds
        normal: terrain/rocky_trail_nor_gl_1k.dds
        tiling: 128
      - albedo: terrain/rocky_terrain_02_diff_1k.dds
        normal: terrain/rocky_terrain_02_nor_gl_1k.dds
        tiling: 192
    splatmap: demo_splat.png
  foliage_layers:
    - name: grass_001
      mesh: meshes/foliage/grass001.obj
      texture: foliage/grass001.dds
      density_map: demo_foliage0.r8
      density_width: 4096
      density_height: 4096
      spacing_min: 0.400000006
      spacing_max: 0.5
      scale_min: 0.0799999982
      scale_max: 0.439999998
      cull_distance: 80
      billboard_distance: 35
editor:
  selected_object: Object
  camera:
    focus: [572.770996, 37.8306122, 1121.172]
    azimuth: -0.0577374026
    elevation: 0.414203405
    distance: 77.5522995
  snap_grid: 0